syr2k 100 1
0.21397290000000002

3mm 100 1
1.014513

gesummv 300 1
0.060310090000000004

gemver 10 900
0.09389771000000001

gemver 300 1
0.08361655000000001

symm 100 1
0.19459110000000002

atax 10 900
0.05395284

trmm 10 900
0.1277682

gemver 320 1
0.09511293000000001

2mm 100 1
0.6672462

syrk 10 900
0.1789734

syrk 100 1
0.1356111

gesummv 10 900
0.06469198000000001

gemver 360 1
0.1203265

trmm 150 1
0.36375040000000003

syr2k 10 900
0.2659945

symm 10 100
2.0991090000000003

gemver 340 1
0.1073496